#Fun Facts for An Unknown Flames User
#Thu Oct 07 16:13:52 EDT 2021
highScore=0
sadDay=2021-10-06T01\:03\:00.055038Z
lowestEmotion=0.0
frenchToastScore=0
happyDay=2021-10-06T01\:03\:00.055038Z
highestEmotion=0.0
lowScore=0
bestRank=UNRANKED
